1.32800000e+12 	 1.51520849e+09 	 1.33957426e+12 
1.49400000e+12 	 1.63999037e+09 	 1.50737981e+12 
1.66000000e+12 	 1.78259823e+09 	 1.67482882e+12 
2.49000000e+12 	 2.44215957e+09 	 2.51346438e+12 
3.32000000e+12 	 3.13737288e+09 	 3.35211777e+12 
4.15000000e+12 	 3.85041217e+09 	 4.19110987e+12 
4.98000000e+12 	 4.56345146e+09 	 5.03010197e+12 
5.81000000e+12 	 5.27649075e+09 	 5.86945062e+12 
6.64000000e+12 	 5.98953004e+09 	 6.70879926e+12 
7.47000000e+12 	 6.66691737e+09 	 7.54814790e+12 
8.30000000e+12 	 7.34430470e+09 	 8.38749654e+12 
9.13000000e+12 	 7.98604006e+09 	 9.22720172e+12 
9.96000000e+12 	 8.62777542e+09 	 1.00668891e+13 
1.07900000e+13 	 9.25168480e+09 	 1.09062377e+13 
1.16200000e+13 	 9.83994222e+09 	 1.17459429e+13 
1.24500000e+13 	 1.04460256e+10 	 1.25856481e+13 
1.32800000e+13 	 1.10164570e+10 	 1.34256920e+13 
1.41100000e+13 	 1.15690625e+10 	 1.42653972e+13 
1.49400000e+13 	 1.21394939e+10 	 1.51050845e+13 
1.57700000e+13 	 1.26920994e+10 	 1.59451462e+13 
1.66000000e+13 	 1.32268788e+10 	 1.67848336e+13 
1.99200000e+13 	 1.54729526e+10 	 2.01446883e+13 
2.32400000e+13 	 1.80042421e+10 	 2.35048995e+13 
2.65600000e+13 	 2.09990071e+10 	 2.68658060e+13 
2.98800000e+13 	 2.47424634e+10 	 3.02267125e+13 
3.32000000e+13 	 2.94841747e+10 	 3.35883320e+13 
3.65200000e+13 	 3.54202268e+10 	 3.69502903e+13 
3.98400000e+13 	 4.28001834e+10 	 4.03129617e+13 
4.31600000e+13 	 5.18557824e+10 	 4.36763283e+13 
4.64800000e+13 	 6.27118056e+10 	 4.70403901e+13 
4.98000000e+13 	 7.55821648e+10 	 5.04051829e+13 
5.31200000e+13 	 9.06272939e+10 	 5.37710096e+13 
5.64400000e+13 	 1.08025453e+11 	 5.71379060e+13 
5.97600000e+13 	 1.27919249e+11 	 6.05058363e+13 
6.30800000e+13 	 1.50558246e+11 	 6.38751928e+13 
6.64000000e+13 	 1.75835489e+11 	 6.72456011e+13 
6.97200000e+13 	 2.03982715e+11 	 7.06174177e+13 
7.30400000e+13 	 2.35106880e+11 	 7.39906248e+13 
7.63600000e+13 	 2.69261462e+11 	 7.73652581e+13 
7.96800000e+13 	 3.06517765e+11 	 8.07412997e+13 
8.30000000e+13 	 3.46911441e+11 	 8.41190883e+13 
8.63200000e+13 	 3.90406838e+11 	 8.74986418e+13 
8.96400000e+13 	 4.36843522e+11 	 9.08799424e+13 
9.29600000e+13 	 4.81051958e+11 	 9.42626691e+13 
9.46200000e+13 	 5.10561980e+11 	 9.58916469e+13 
9.62800000e+13 	 5.38768032e+11 	 9.75831440e+13 
9.79400000e+13 	 5.67958613e+11 	 9.92751580e+13 
9.96000000e+13 	 5.98145309e+11 	 1.00967671e+14 
1.01260000e+14 	 6.29340243e+11 	 1.02660684e+14 
1.02920000e+14 	 6.61555002e+11 	 1.04354231e+14 
1.04580000e+14 	 6.94800637e+11 	 1.06048295e+14 
1.06240000e+14 	 7.29088736e+11 	 1.07742912e+14 
1.07900000e+14 	 7.64430350e+11 	 1.09438046e+14 
1.09560000e+14 	 8.00836354e+11 	 1.11133750e+14 
1.11220000e+14 	 8.38317442e+11 	 1.12830007e+14 
1.12880000e+14 	 8.76884490e+11 	 1.14526834e+14 
1.14540000e+14 	 9.16548192e+11 	 1.16224250e+14 
1.16200000e+14 	 9.57318530e+11 	 1.17922236e+14 
1.17860000e+14 	 9.99206380e+11 	 1.19620810e+14 
1.19520000e+14 	 1.04222154e+12 	 1.21319973e+14 
1.21180000e+14 	 1.08637436e+12 	 1.23019759e+14 
1.22840000e+14 	 1.13167500e+12 	 1.24720152e+14 
1.24500000e+14 	 1.17813325e+12 	 1.26421169e+14 
1.26160000e+14 	 1.22575893e+12 	 1.28122809e+14 
1.27820000e+14 	 1.27456219e+12 	 1.29825074e+14 
1.29480000e+14 	 1.32455266e+12 	 1.31527998e+14 
1.31140000e+14 	 1.37574015e+12 	 1.33231564e+14 
1.32800000e+14 	 1.42813410e+12 	 1.34935772e+14 
1.34460000e+14 	 1.48174449e+12 	 1.36640657e+14 
1.36120000e+14 	 1.53658060e+12 	 1.38346220e+14 
1.37780000e+14 	 1.59265240e+12 	 1.40052442e+14 
1.39440000e+14 	 1.64996900e+12 	 1.41759359e+14 
1.41100000e+14 	 1.70854036e+12 	 1.43466954e+14 
1.42760000e+14 	 1.76837595e+12 	 1.45175244e+14 
1.44420000e+14 	 1.82948591e+12 	 1.46884247e+14 
1.46080000e+14 	 1.89187863e+12 	 1.48593964e+14 
1.47740000e+14 	 1.95556373e+12 	 1.50304393e+14 
1.49400000e+14 	 2.02055192e+12 	 1.52015535e+14 
1.51060000e+14 	 2.08685031e+12 	 1.53727426e+14 
1.52720000e+14 	 2.15447317e+12 	 1.55440031e+14 
1.54380000e+14 	 2.22342586e+12 	 1.57153384e+14 
1.56040000e+14 	 2.29372083e+12 	 1.58867503e+14 
1.57700000e+14 	 2.36536524e+12 	 1.60582354e+14 
1.59360000e+14 	 2.43837155e+12 	 1.62297988e+14 
1.61020000e+14 	 2.51274868e+12 	 1.64014372e+14 
1.62680000e+14 	 2.58850554e+12 	 1.65731540e+14 
1.64340000e+14 	 2.66565461e+12 	 1.67449475e+14 
1.66000000e+14 	 2.74420302e+12 	 1.69168211e+14 
1.67660000e+14 	 2.82416324e+12 	 1.70887732e+14 
1.69320000e+14 	 2.90554598e+12 	 1.72608056e+14 
1.70980000e+14 	 2.98835836e+12 	 1.74329181e+14 
1.72640000e+14 	 3.07261465e+12 	 1.76051109e+14 
1.74300000e+14 	 3.15832376e+12 	 1.77773875e+14 
1.75960000e+14 	 3.24549816e+12 	 1.79497389e+14 
1.77620000e+14 	 3.33414499e+12 	 1.81221795e+14 
1.79280000e+14 	 3.42428028e+12 	 1.82947092e+14 
1.80940000e+14 	 3.51591118e+12 	 1.84673102e+14 
1.82600000e+14 	 3.60905015e+12 	 1.86400182e+14 
1.84260000e+14 	 3.70352430e+12 	 1.88127974e+14 
1.85920000e+14 	 3.79794139e+12 	 1.89856480e+14 
1.87580000e+14 	 3.89295210e+12 	 1.91586056e+14 
1.89240000e+14 	 3.98882914e+12 	 1.93316345e+14 
1.90900000e+14 	 4.08570266e+12 	 1.95047525e+14 
1.92560000e+14 	 4.18365108e+12 	 1.96779596e+14 
1.94220000e+14 	 4.28272968e+12 	 1.98512380e+14 
1.95880000e+14 	 4.38298657e+12 	 2.00246056e+14 
1.97540000e+14 	 4.48445740e+12 	 2.01980623e+14 
1.99200000e+14 	 4.58717606e+12 	 2.03716082e+14 
2.00860000e+14 	 4.69117106e+12 	 2.05452431e+14 
2.02520000e+14 	 4.79646914e+12 	 2.07189672e+14 
2.04180000e+14 	 4.90309525e+12 	 2.08927627e+14 
2.05840000e+14 	 5.01107257e+12 	 2.10666472e+14 
2.07500000e+14 	 5.12042250e+12 	 2.12406209e+14 
2.09160000e+14 	 5.23116819e+12 	 2.14147016e+14 
2.10820000e+14 	 5.34333106e+12 	 2.15888535e+14 
2.12480000e+14 	 5.45692891e+12 	 2.17630946e+14 
2.14140000e+14 	 5.57198315e+12 	 2.19374249e+14 
2.15800000e+14 	 5.68851516e+12 	 2.21118442e+14 
2.17460000e+14 	 5.80654455e+12 	 2.22863527e+14 
2.19120000e+14 	 5.92608916e+12 	 2.24609682e+14 
2.20780000e+14 	 6.04717036e+12 	 2.26356550e+14 
2.22440000e+14 	 6.16980777e+12 	 2.28104487e+14 
2.24100000e+14 	 6.29402278e+12 	 2.29853138e+14 
2.25760000e+14 	 6.41983321e+12 	 2.31602858e+14 
2.27420000e+14 	 6.54725868e+12 	 2.33353469e+14 
2.29080000e+14 	 6.67632236e+12 	 2.35105150e+14 
2.30740000e+14 	 6.80704385e+12 	 2.36857544e+14 
2.32400000e+14 	 6.93944455e+12 	 2.38611008e+14 
2.34060000e+14 	 7.07354407e+12 	 2.40365541e+14 
2.35720000e+14 	 7.20936379e+12 	 2.42120788e+14 
2.37380000e+14 	 7.34692868e+12 	 2.43877282e+14 
2.39040000e+14 	 7.48625656e+12 	 2.45634489e+14 
2.40700000e+14 	 7.62737238e+12 	 2.47392766e+14 
2.42360000e+14 	 7.77029933e+12 	 2.49152113e+14 
2.44020000e+14 	 7.91505878e+12 	 2.50912351e+14 
2.45680000e+14 	 8.06167570e+12 	 2.52673480e+14 
2.47340000e+14 	 8.21017148e+12 	 2.54435679e+14 
2.49000000e+14 	 8.36057464e+12 	 2.56198948e+14 
2.50660000e+14 	 8.51290657e+12 	 2.57963108e+14 
2.52320000e+14 	 8.66719223e+12 	 2.59728516e+14 
2.53980000e+14 	 8.82346014e+12 	 2.61494636e+14 
2.55640000e+14 	 8.98173347e+12 	 2.63262005e+14 
2.57300000e+14 	 9.14204075e+12 	 2.65030444e+14 
2.58960000e+14 	 9.30440871e+12 	 2.66799773e+14 
2.60620000e+14 	 9.46886231e+12 	 2.68570173e+14 
2.62280000e+14 	 9.63543185e+12 	 2.70341642e+14 
2.63940000e+14 	 9.80414586e+12 	 2.72114180e+14 
2.65600000e+14 	 9.97503286e+12 	 2.73887789e+14 
2.67260000e+14 	 1.01481214e+13 	 2.75662466e+14 
2.68920000e+14 	 1.03234435e+13 	 2.77438214e+14 
2.70580000e+14 	 1.05010277e+13 	 2.79215031e+14 
2.72240000e+14 	 1.06809061e+13 	 2.80993096e+14 
2.73900000e+14 	 1.08631090e+13 	 2.82772052e+14 
2.75560000e+14 	 1.10476703e+13 	 2.84552256e+14 
2.77220000e+14 	 1.12346221e+13 	 2.86333530e+14 
2.78880000e+14 	 1.14239982e+13 	 2.88116052e+14 
2.80540000e+14 	 1.16158307e+13 	 2.89899465e+14 
2.82200000e+14 	 1.18101553e+13 	 2.91684304e+14 
2.83860000e+14 	 1.20070077e+13 	 2.93470035e+14 
2.85520000e+14 	 1.22064234e+13 	 2.95257013e+14 
2.87180000e+14 	 1.24084363e+13 	 2.97045240e+14 
2.88840000e+14 	 1.26130857e+13 	 2.98834536e+14 
2.90500000e+14 	 1.28204072e+13 	 3.00625080e+14 
2.92160000e+14 	 1.30304401e+13 	 3.02416871e+14 
2.93820000e+14 	 1.32432217e+13 	 3.04209733e+14 
2.95480000e+14 	 1.34587931e+13 	 3.06003842e+14 
2.97140000e+14 	 1.36771917e+13 	 3.07799199e+14 
2.98800000e+14 	 1.38984603e+13 	 3.09595804e+14 
3.00460000e+14 	 1.41226380e+13 	 3.11393657e+14 
3.02120000e+14 	 1.43497678e+13 	 3.13192758e+14 
3.03780000e+14 	 1.45798905e+13 	 3.14992929e+14 
3.05440000e+14 	 1.48130490e+13 	 3.16794525e+14 
3.07100000e+14 	 1.50492878e+13 	 3.18597370e+14 
3.08760000e+14 	 1.52886498e+13 	 3.20401640e+14 
3.10420000e+14 	 1.55311812e+13 	 3.22206981e+14 
3.12080000e+14 	 1.57769248e+13 	 3.24013747e+14 
3.13740000e+14 	 1.60259271e+13 	 3.25821761e+14 
3.15400000e+14 	 1.62782342e+13 	 3.27631202e+14 
3.17060000e+14 	 1.65338945e+13 	 3.29441890e+14 
3.18720000e+14 	 1.67929541e+13 	 3.31254005e+14 
3.20380000e+14 	 1.70554613e+13 	 3.33067367e+14 
3.22040000e+14 	 1.73214660e+13 	 3.34882334e+14 
3.23700000e+14 	 1.75910144e+13 	 3.36698371e+14 
3.25360000e+14 	 1.78641655e+13 	 3.38516012e+14 
3.27020000e+14 	 1.81409496e+13 	 3.40334900e+14 
3.28680000e+14 	 1.84214236e+13 	 3.42155394e+14 
3.30340000e+14 	 1.87056588e+13 	 3.43977135e+14 
3.32000000e+14 	 1.89936911e+13 	 3.45800480e+14 
3.33660000e+14 	 1.92855737e+13 	 3.47625074e+14 
3.35320000e+14 	 1.95813424e+13 	 3.49451272e+14 
3.36980000e+14 	 1.98810863e+13 	 3.51278896e+14 
3.38640000e+14 	 2.01848410e+13 	 3.53108124e+14 
3.40300000e+14 	 2.04926423e+13 	 3.54938779e+14 
3.41960000e+14 	 2.08045613e+13 	 3.56770860e+14 
3.43620000e+14 	 2.11206695e+13 	 3.58604545e+14 
3.45280000e+14 	 2.14409845e+13 	 3.60439656e+14 
3.46940000e+14 	 2.17655957e+13 	 3.62276372e+14 
3.48600000e+14 	 2.20945385e+13 	 3.64114692e+14 
3.50260000e+14 	 2.24278666e+13 	 3.65954617e+14 
3.51920000e+14 	 2.27656511e+13 	 3.67796146e+14 
3.53580000e+14 	 2.31079278e+13 	 3.69639280e+14 
3.55240000e+14 	 2.34547679e+13 	 3.71483839e+14 
3.56900000e+14 	 2.38062428e+13 	 3.73330182e+14 
3.58560000e+14 	 2.41623703e+13 	 3.75178128e+14 
3.60220000e+14 	 2.45232395e+13 	 3.77027858e+14 
3.61880000e+14 	 2.48889038e+13 	 3.78879192e+14 
3.63540000e+14 	 2.52593991e+13 	 3.80732130e+14 
3.65200000e+14 	 2.56347964e+13 	 3.82586851e+14 
3.66860000e+14 	 2.60151494e+13 	 3.84443355e+14 
3.68520000e+14 	 2.64005293e+13 	 3.86301463e+14 
3.70180000e+14 	 2.67909718e+13 	 3.88161354e+14 
3.71840000e+14 	 2.71865482e+13 	 3.90023028e+14 
3.73500000e+14 	 2.75873119e+13 	 3.91886484e+14 
3.75160000e+14 	 2.79933165e+13 	 3.93751723e+14 
3.76820000e+14 	 2.84046154e+13 	 3.95618745e+14 
3.78480000e+14 	 2.88212799e+13 	 3.97487549e+14 
3.80140000e+14 	 2.92433457e+13 	 3.99358315e+14 
3.81800000e+14 	 2.96708840e+13 	 4.01230863e+14 
3.83460000e+14 	 3.01039306e+13 	 4.03105194e+14 
3.85120000e+14 	 3.05425746e+13 	 4.04981664e+14 
3.86780000e+14 	 3.09868337e+13 	 4.06859738e+14 
3.88440000e+14 	 3.14367793e+13 	 4.08739952e+14 
3.90100000e+14 	 3.18924649e+13 	 4.10621948e+14 
3.91760000e+14 	 3.23539617e+13 	 4.12506084e+14 
3.93420000e+14 	 3.28212877e+13 	 4.14392002e+14 
3.95080000e+14 	 3.32945140e+13 	 4.16280060e+14 
3.96740000e+14 	 3.37736765e+13 	 4.18170078e+14 
3.98400000e+14 	 3.42588640e+13 	 4.20062058e+14 
4.00060000e+14 	 3.47500946e+13 	 4.21955998e+14 
4.01720000e+14 	 3.52474217e+13 	 4.23852078e+14 
4.03380000e+14 	 3.57508988e+13 	 4.25750297e+14 
4.05040000e+14 	 3.62605614e+13 	 4.27650477e+14 
4.06700000e+14 	 3.67764810e+13 	 4.29552796e+14 
4.08360000e+14 	 3.72987110e+13 	 4.31457254e+14 
4.10020000e+14 	 3.78272513e+13 	 4.33363852e+14 
4.11680000e+14 	 3.83621912e+13 	 4.35272589e+14 
4.13340000e+14 	 3.89035485e+13 	 4.37183643e+14 
4.15000000e+14 	 3.94513944e+13 	 4.39096659e+14 
4.16660000e+14 	 4.00057468e+13 	 4.41011992e+14 
4.18320000e+14 	 4.05666592e+13 	 4.42929464e+14 
4.19980000e+14 	 4.11341493e+13 	 4.44849253e+14 
4.21640000e+14 	 4.17083064e+13 	 4.46771360e+14 
4.23300000e+14 	 4.22891125e+13 	 4.48695607e+14 
4.24960000e+14 	 4.28766391e+13 	 4.50622171e+14 
4.26620000e+14 	 4.34709217e+13 	 4.52551052e+14 
4.28280000e+14 	 4.40719960e+13 	 4.54482251e+14 
4.29940000e+14 	 4.46798798e+13 	 4.56415767e+14 
4.31600000e+14 	 4.52946088e+13 	 4.58351780e+14 
4.33260000e+14 	 4.59162365e+13 	 4.60290109e+14 
4.34920000e+14 	 4.65447806e+13 	 4.62230757e+14 
4.36580000e+14 	 4.71802769e+13 	 4.64173900e+14 
4.38240000e+14 	 4.78227431e+13 	 4.66119360e+14 
4.39900000e+14 	 4.84722327e+13 	 4.68067495e+14 
4.41560000e+14 	 4.91287280e+13 	 4.70017947e+14 
4.43220000e+14 	 4.97923002e+13 	 4.71970716e+14 
4.44880000e+14 	 5.04629671e+13 	 4.73926160e+14 
4.46540000e+14 	 5.11407288e+13 	 4.75884099e+14 
4.48200000e+14 	 5.18256031e+13 	 4.77844713e+14 
4.49860000e+14 	 5.25176612e+13 	 4.79807644e+14 
4.51520000e+14 	 5.32168675e+13 	 4.81773249e+14 
4.53180000e+14 	 5.39232755e+13 	 4.83741528e+14 
4.54840000e+14 	 5.46368852e+13 	 4.85712303e+14 
4.56500000e+14 	 5.53577323e+13 	 4.87685573e+14 
4.58160000e+14 	 5.60858167e+13 	 4.89661696e+14 
4.59820000e+14 	 5.68211563e+13 	 4.91640315e+14 
4.61480000e+14 	 5.75637689e+13 	 4.93621786e+14 
4.63140000e+14 	 5.83136723e+13 	 4.95605753e+14 
4.64800000e+14 	 5.90708666e+13 	 4.97592572e+14 
4.66460000e+14 	 5.98353695e+13 	 4.99581887e+14 
4.68120000e+14 	 6.06071810e+13 	 5.01574233e+14 
4.69780000e+14 	 6.13863191e+13 	 5.03569074e+14 
4.71440000e+14 	 6.21727836e+13 	 5.05566767e+14 
4.73100000e+14 	 6.29665924e+13 	 5.07567313e+14 
4.74760000e+14 	 6.37677277e+13 	 5.09570533e+14 
4.76420000e+14 	 6.45762251e+13 	 5.11576606e+14 
4.78080000e+14 	 6.53920847e+13 	 5.13585530e+14 
4.79740000e+14 	 6.62152886e+13 	 5.15597307e+14 
4.81400000e+14 	 6.70458367e+13 	 5.17612115e+14 
4.83060000e+14 	 6.78837470e+13 	 5.19629596e+14 
4.84720000e+14 	 6.87290194e+13 	 5.21649930e+14 
4.86380000e+14 	 6.95816362e+13 	 5.23673295e+14 
4.88040000e+14 	 7.04416150e+13 	 5.25699512e+14 
4.89700000e+14 	 7.13089382e+13 	 5.27728759e+14 
4.91360000e+14 	 7.21836235e+13 	 5.29760859e+14 
4.93020000e+14 	 7.30656353e+13 	 5.31795989e+14 
4.94680000e+14 	 7.39549735e+13 	 5.33833972e+14 
4.96340000e+14 	 7.48516561e+13 	 5.35874985e+14 
4.98000000e+14 	 7.57556651e+13 	 5.37919207e+14 
4.99660000e+14 	 7.66670007e+13 	 5.39966281e+14 
5.01320000e+14 	 7.75856270e+13 	 5.42016386e+14 
5.02980000e+14 	 7.85115620e+13 	 5.44069700e+14 
5.04640000e+14 	 7.94447878e+13 	 5.46125867e+14 
5.06300000e+14 	 8.03853045e+13 	 5.48185242e+14 
5.07960000e+14 	 8.13330763e+13 	 5.50247647e+14 
5.09620000e+14 	 8.22881033e+13 	 5.52313262e+14 
5.11280000e+14 	 8.32504033e+13 	 5.54381907e+14 
5.12940000e+14 	 8.42199228e+13 	 5.56453761e+14 
5.14600000e+14 	 8.51966619e+13 	 5.58528824e+14 
5.16260000e+14 	 8.61806026e+13 	 5.60606917e+14 
5.17920000e+14 	 8.71717451e+13 	 5.62688219e+14 
5.19580000e+14 	 8.81700714e+13 	 5.64772730e+14 
5.21240000e+14 	 8.91755637e+13 	 5.66860450e+14 
5.22900000e+14 	 9.01882221e+13 	 5.68951201e+14 
5.24560000e+14 	 9.12079931e+13 	 5.71045338e+14 
5.26220000e+14 	 9.22348945e+13 	 5.73142863e+14 
5.27880000e+14 	 9.32688906e+13 	 5.75243419e+14 
5.29540000e+14 	 9.43099814e+13 	 5.77347361e+14 
5.31200000e+14 	 9.53581313e+13 	 5.79454513e+14 
5.32860000e+14 	 9.64133403e+13 	 5.81564873e+14 
5.34520000e+14 	 9.74755906e+13 	 5.83678620e+14 
5.36180000e+14 	 9.85448287e+13 	 5.85795755e+14 
5.37840000e+14 	 9.96210902e+13 	 5.87916098e+14 
5.39500000e+14 	 1.00704322e+14 	 5.90039829e+14 
5.41160000e+14 	 1.01794505e+14 	 5.92166946e+14 
5.42820000e+14 	 1.02891641e+14 	 5.94297273e+14 
5.44480000e+14 	 1.03995693e+14 	 5.96431165e+14 
5.46140000e+14 	 1.05106644e+14 	 5.98568266e+14 
5.47800000e+14 	 1.06224494e+14 	 6.00708753e+14 
5.49460000e+14 	 1.07349188e+14 	 6.02852807e+14 
5.51120000e+14 	 1.08480728e+14 	 6.05000069e+14 
5.52780000e+14 	 1.09619095e+14 	 6.07150896e+14 
5.54440000e+14 	 1.10764254e+14 	 6.09305111e+14 
5.56100000e+14 	 1.11916205e+14 	 6.11462713e+14 
5.57760000e+14 	 1.13074912e+14 	 6.13623702e+14 
5.59420000e+14 	 1.14240357e+14 	 6.15788256e+14 
5.61080000e+14 	 1.15412540e+14 	 6.17956376e+14 
5.62740000e+14 	 1.16591408e+14 	 6.20127883e+14 
5.64400000e+14 	 1.17776942e+14 	 6.22302777e+14 
5.66060000e+14 	 1.18969144e+14 	 6.24481236e+14 
5.67720000e+14 	 1.20167977e+14 	 6.26663261e+14 
5.69380000e+14 	 1.21373441e+14 	 6.28848673e+14 
5.71040000e+14 	 1.22585483e+14 	 6.31037828e+14 
5.72700000e+14 	 1.23804103e+14 	 6.33230371e+14 
5.74360000e+14 	 1.25029283e+14 	 6.35426479e+14 
5.76020000e+14 	 1.26260987e+14 	 6.37625975e+14 
5.77680000e+14 	 1.27499197e+14 	 6.39829214e+14 
5.79340000e+14 	 1.28743897e+14 	 6.42036018e+14 
5.81000000e+14 	 1.29995067e+14 	 6.44246388e+14 
5.82660000e+14 	 1.31252690e+14 	 6.46460323e+14 
5.84320000e+14 	 1.32516730e+14 	 6.48677823e+14 
5.85980000e+14 	 1.33787188e+14 	 6.50898889e+14 
5.87640000e+14 	 1.35064027e+14 	 6.53123699e+14 
5.89300000e+14 	 1.36347213e+14 	 6.55352074e+14 
5.90960000e+14 	 1.37636762e+14 	 6.57584014e+14 
5.92620000e+14 	 1.38932622e+14 	 6.59819698e+14 
5.94280000e+14 	 1.40234792e+14 	 6.62058948e+14 
5.95940000e+14 	 1.41543237e+14 	 6.64301763e+14 
5.97600000e+14 	 1.42857939e+14 	 6.66548321e+14 
5.99260000e+14 	 1.44178898e+14 	 6.68798445e+14 
6.00920000e+14 	 1.45506060e+14 	 6.71052313e+14 
6.02580000e+14 	 1.46839426e+14 	 6.73309924e+14 
6.04240000e+14 	 1.48178977e+14 	 6.75571101e+14 
6.05900000e+14 	 1.49524696e+14 	 6.77836021e+14 
6.07560000e+14 	 1.50876547e+14 	 6.80104685e+14 
6.09220000e+14 	 1.52234513e+14 	 6.82377093e+14 
6.10880000e+14 	 1.53598592e+14 	 6.84653066e+14 
6.12540000e+14 	 1.54968733e+14 	 6.86932783e+14 
6.14200000e+14 	 1.56344952e+14 	 6.89216243e+14 
6.15860000e+14 	 1.57727215e+14 	 6.91503447e+14 
6.17520000e+14 	 1.59115502e+14 	 6.93794395e+14 
6.19180000e+14 	 1.60509779e+14 	 6.96089086e+14 
6.20840000e+14 	 1.61910064e+14 	 6.98387521e+14 
6.22500000e+14 	 1.63316302e+14 	 7.00689522e+14 
6.24160000e+14 	 1.64728476e+14 	 7.02995444e+14 
6.25820000e+14 	 1.66146604e+14 	 7.05305289e+14 
6.27480000e+14 	 1.67570633e+14 	 7.07618699e+14 
6.29140000e+14 	 1.69000562e+14 	 7.09935852e+14 
6.30800000e+14 	 1.70436356e+14 	 7.12256927e+14 
6.32460000e+14 	 1.71878014e+14 	 7.14581746e+14 
6.34120000e+14 	 1.73325502e+14 	 7.16910309e+14 
6.35780000e+14 	 1.74778836e+14 	 7.19242616e+14 
6.37440000e+14 	 1.76237946e+14 	 7.21578844e+14 
6.39100000e+14 	 1.77702868e+14 	 7.23918816e+14 
6.40760000e+14 	 1.79173583e+14 	 7.26262710e+14 
6.42420000e+14 	 1.80649930e+14 	 7.28610348e+14 
6.44080000e+14 	 1.82132161e+14 	 7.30961729e+14 
6.45740000e+14 	 1.83620096e+14 	 7.33317032e+14 
6.47400000e+14 	 1.85113556e+14 	 7.35676079e+14 
6.49060000e+14 	 1.86612900e+14 	 7.38039048e+14 
6.50720000e+14 	 1.88117769e+14 	 7.40405939e+14 
6.52380000e+14 	 1.89628343e+14 	 7.42776573e+14 
6.54040000e+14 	 1.91144621e+14 	 7.45150951e+14 
6.55700000e+14 	 1.92666425e+14 	 7.47529251e+14 
6.57360000e+14 	 1.94193934e+14 	 7.49911473e+14 
6.59020000e+14 	 1.95726968e+14 	 7.52297617e+14 
6.60680000e+14 	 1.97265707e+14 	 7.54687505e+14 
6.62340000e+14 	 1.98809793e+14 	 7.57081314e+14 
6.64000000e+14 	 2.00359584e+14 	 7.59479046e+14 
6.65660000e+14 	 2.01914723e+14 	 7.61880521e+14 
6.67320000e+14 	 2.03475566e+14 	 7.64286097e+14 
6.68980000e+14 	 2.05041757e+14 	 7.66695416e+14 
6.70640000e+14 	 2.06613474e+14 	 7.69108657e+14 
6.72300000e+14 	 2.08190717e+14 	 7.71525820e+14 
6.73960000e+14 	 2.09773486e+14 	 7.73946726e+14 
6.75620000e+14 	 2.11361602e+14 	 7.76371733e+14 
6.77280000e+14 	 2.12955067e+14 	 7.78800483e+14 
6.78940000e+14 	 2.14554057e+14 	 7.81233334e+14 
6.80600000e+14 	 2.16158396e+14 	 7.83669928e+14 
6.82260000e+14 	 2.17768082e+14 	 7.86110623e+14 
6.83920000e+14 	 2.19383116e+14 	 7.88555061e+14 
6.85580000e+14 	 2.21003676e+14 	 7.91003600e+14 
6.87240000e+14 	 2.22629406e+14 	 7.93455882e+14 
6.88900000e+14 	 2.24260483e+14 	 7.95912264e+14 
6.90560000e+14 	 2.25896908e+14 	 7.98372568e+14 
6.92220000e+14 	 2.27538681e+14 	 8.00836616e+14 
6.93880000e+14 	 2.29185802e+14 	 8.03304765e+14 
6.95540000e+14 	 2.30838092e+14 	 8.05776835e+14 
6.97200000e+14 	 2.32495730e+14 	 8.08253005e+14 
6.98860000e+14 	 2.34158538e+14 	 8.10732919e+14 
7.00520000e+14 	 2.35826693e+14 	 8.13216755e+14 
7.02180000e+14 	 2.37499840e+14 	 8.15704691e+14 
7.03840000e+14 	 2.39178513e+14 	 8.18196549e+14 
7.05500000e+14 	 2.40862177e+14 	 8.20692329e+14 
7.07160000e+14 	 2.42551189e+14 	 8.23192209e+14 
7.08820000e+14 	 2.44245192e+14 	 8.25696011e+14 
7.10480000e+14 	 2.45944543e+14 	 8.28203735e+14 
7.12140000e+14 	 2.47648885e+14 	 8.30715381e+14 
7.13800000e+14 	 2.49358575e+14 	 8.33231128e+14 
7.15460000e+14 	 2.51073256e+14 	 8.35750796e+14 
7.17120000e+14 	 2.52793107e+14 	 8.38274386e+14 
7.18780000e+14 	 2.54518127e+14 	 8.40802076e+14 
7.20440000e+14 	 2.56248139e+14 	 8.43333689e+14 
7.22100000e+14 	 2.57983320e+14 	 8.45869401e+14 
7.23760000e+14 	 2.59723492e+14 	 8.48409035e+14 
7.25420000e+14 	 2.61468834e+14 	 8.50952592e+14 
7.27080000e+14 	 2.63219167e+14 	 8.53500248e+14 
7.28740000e+14 	 2.64974670e+14 	 8.56051827e+14 
7.30400000e+14 	 2.66735164e+14 	 8.58607506e+14 
7.32060000e+14 	 2.68500649e+14 	 8.61167106e+14 
7.33720000e+14 	 2.70271126e+14 	 8.63730807e+14 
7.35380000e+14 	 2.72046594e+14 	 8.66298430e+14 
7.37040000e+14 	 2.73827231e+14 	 8.68870153e+14 
7.38700000e+14 	 2.75612682e+14 	 8.71445798e+14 
7.40360000e+14 	 2.77403123e+14 	 8.74025543e+14 
7.42020000e+14 	 2.79198734e+14 	 8.76609210e+14 
7.43680000e+14 	 2.80999159e+14 	 8.79196978e+14 
7.45340000e+14 	 2.82804396e+14 	 8.81788667e+14 
7.47000000e+14 	 2.84614803e+14 	 8.84384456e+14 
7.48660000e+14 	 2.86430022e+14 	 8.86984346e+14 
7.50320000e+14 	 2.88250233e+14 	 8.89588158e+14 
7.51980000e+14 	 2.90075257e+14 	 8.92196069e+14 
7.53640000e+14 	 2.91905273e+14 	 8.94808081e+14 
7.55300000e+14 	 2.93740279e+14 	 8.97424015e+14 
7.56960000e+14 	 2.95580099e+14 	 9.00044050e+14 
7.58620000e+14 	 2.97424732e+14 	 9.02668006e+14 
7.60280000e+14 	 2.99274356e+14 	 9.05296062e+14 
7.61940000e+14 	 3.01128614e+14 	 9.07928219e+14 
7.63600000e+14 	 3.02988042e+14 	 9.10564475e+14 
7.65260000e+14 	 3.04852105e+14 	 9.13204654e+14 
7.66920000e+14 	 3.06720981e+14 	 9.15848933e+14 
7.68580000e+14 	 3.08594849e+14 	 9.18497134e+14 
7.70240000e+14 	 3.10473529e+14 	 9.21149613e+14 
7.71900000e+14 	 3.12356844e+14 	 9.23806014e+14 
7.73560000e+14 	 3.14245150e+14 	 9.26466516e+14 
7.75220000e+14 	 3.16138091e+14 	 9.29130939e+14 
7.76880000e+14 	 3.18036024e+14 	 9.31799641e+14 
7.78540000e+14 	 3.19938591e+14 	 9.34472265e+14 
7.80200000e+14 	 3.21845971e+14 	 9.37148989e+14 
7.81860000e+14 	 3.23758164e+14 	 9.39829813e+14 
7.83520000e+14 	 3.25675170e+14 	 9.42514560e+14 
7.85180000e+14 	 3.27596811e+14 	 9.45203584e+14 
7.86840000e+14 	 3.29523265e+14 	 9.47896531e+14 
7.88500000e+14 	 3.31454354e+14 	 9.50593578e+14 
7.90160000e+14 	 3.33390255e+14 	 9.53294725e+14 
7.91820000e+14 	 3.35330970e+14 	 9.55999972e+14 
7.93480000e+14 	 3.37276319e+14 	 9.58709141e+14 
7.95140000e+14 	 3.39226304e+14 	 9.61422589e+14 
7.96800000e+14 	 3.41181101e+14 	 9.64139959e+14 
7.98460000e+14 	 3.43140711e+14 	 9.66861428e+14 
8.00120000e+14 	 3.45104778e+14 	 9.69586998e+14 
8.01780000e+14 	 3.47073658e+14 	 9.72316669e+14 
8.03440000e+14 	 3.49047172e+14 	 9.75050439e+14 
8.05100000e+14 	 3.51025321e+14 	 9.77788310e+14 
8.06760000e+14 	 3.53008284e+14 	 9.80530102e+14 
8.08420000e+14 	 3.54995881e+14 	 9.83276173e+14 
8.10080000e+14 	 3.56987934e+14 	 9.86026166e+14 
8.11740000e+14 	 3.58984801e+14 	 9.88780438e+14 
8.13400000e+14 	 3.60986302e+14 	 9.91538631e+14 
8.15060000e+14 	 3.62992438e+14 	 9.94300925e+14 
8.16720000e+14 	 3.65003209e+14 	 9.97067319e+14 
8.18380000e+14 	 3.67018614e+14 	 9.99837991e+14 
8.20040000e+14 	 3.69038476e+14 	 1.00261259e+15 
8.21700000e+14 	 3.71063151e+14 	 1.00539128e+15 
8.23360000e+14 	 3.73092461e+14 	 1.00817407e+15 
8.25020000e+14 	 3.75126228e+14 	 1.01096097e+15 
8.26680000e+14 	 3.77164629e+14 	 1.01375196e+15 
8.28340000e+14 	 3.79207664e+14 	 1.01654706e+15 
8.30000000e+14 	 3.81255157e+14 	 1.01934626e+15 
8.31660000e+14 	 3.83307284e+14 	 1.02214955e+15 
8.33320000e+14 	 3.85364046e+14 	 1.02495695e+15 
8.34980000e+14 	 3.87425442e+14 	 1.02776844e+15 
8.36640000e+14 	 3.89491295e+14 	 1.03058404e+15 
8.38300000e+14 	 3.91561605e+14 	 1.03340374e+15 
8.39960000e+14 	 3.93636728e+14 	 1.03622753e+15 
8.41620000e+14 	 3.95716128e+14 	 1.03905543e+15 
8.43280000e+14 	 3.97800164e+14 	 1.04188743e+15 
8.44940000e+14 	 3.99888834e+14 	 1.04472370e+15 
8.46600000e+14 	 4.01981961e+14 	 1.04756390e+15 
8.48260000e+14 	 4.04079723e+14 	 1.05040820e+15 
8.49920000e+14 	 4.06181763e+14 	 1.05325660e+15 
8.51580000e+14 	 4.08288437e+14 	 1.05610927e+15 
8.53240000e+14 	 4.10399747e+14 	 1.05896587e+15 
8.54900000e+14 	 4.12515512e+14 	 1.06182675e+15 
8.56560000e+14 	 4.14635735e+14 	 1.06469155e+15 
8.58220000e+14 	 4.16760414e+14 	 1.06756062e+15 
8.59880000e+14 	 4.18889549e+14 	 1.07043380e+15 
8.61540000e+14 	 4.21023319e+14 	 1.07331108e+15 
8.63200000e+14 	 4.23161545e+14 	 1.07619228e+15 
8.64860000e+14 	 4.25304050e+14 	 1.07907776e+15 
8.66520000e+14 	 4.27451190e+14 	 1.08196752e+15 
8.68180000e+14 	 4.29602964e+14 	 1.08486119e+15 
8.69840000e+14 	 4.31759017e+14 	 1.08775897e+15 
8.71500000e+14 	 4.33919526e+14 	 1.09066085e+15 
8.73160000e+14 	 4.36084491e+14 	 1.09356701e+15 
8.74820000e+14 	 4.38253913e+14 	 1.09647727e+15 
8.76480000e+14 	 4.40427792e+14 	 1.09939145e+15 
8.78140000e+14 	 4.42606127e+14 	 1.10230990e+15 
8.79800000e+14 	 4.44788918e+14 	 1.10523246e+15 
8.81460000e+14 	 4.46976166e+14 	 1.10815912e+15 
8.83120000e+14 	 4.49167871e+14 	 1.11108988e+15 
8.84780000e+14 	 4.51363854e+14 	 1.11402492e+15 
8.86440000e+14 	 4.53564471e+14 	 1.11696388e+15 
8.88100000e+14 	 4.55769367e+14 	 1.11990711e+15 
8.89760000e+14 	 4.57978719e+14 	 1.12285445e+15 
8.91420000e+14 	 4.60192350e+14 	 1.12580589e+15 
8.93080000e+14 	 4.62410615e+14 	 1.12876143e+15 
8.94740000e+14 	 4.64633158e+14 	 1.13172107e+15 
8.96400000e+14 	 4.66860158e+14 	 1.13468481e+15 
8.98060000e+14 	 4.69091437e+14 	 1.13765282e+15 
8.99720000e+14 	 4.71327171e+14 	 1.14062494e+15 
9.01380000e+14 	 4.73567363e+14 	 1.14360116e+15 
9.03040000e+14 	 4.75811832e+14 	 1.14658148e+15 
9.04700000e+14 	 4.78060758e+14 	 1.14956589e+15 
9.06360000e+14 	 4.80314140e+14 	 1.15255441e+15 
9.08020000e+14 	 4.82571801e+14 	 1.15554721e+15 
9.09680000e+14 	 4.84833740e+14 	 1.15854411e+15 
9.11340000e+14 	 4.87100135e+14 	 1.16154493e+15 
9.13000000e+14 	 4.89370987e+14 	 1.16455020e+15 
9.14660000e+14 	 4.91646117e+14 	 1.16755940e+15 
9.16320000e+14 	 4.93925526e+14 	 1.17057270e+15 
9.17980000e+14 	 4.96209390e+14 	 1.17359027e+15 
9.19640000e+14 	 4.98497534e+14 	 1.17661195e+15 
9.21300000e+14 	 5.00790133e+14 	 1.17963773e+15 
9.22960000e+14 	 5.03087011e+14 	 1.18266760e+15 
9.24620000e+14 	 5.05388345e+14 	 1.18570158e+15 
9.26280000e+14 	 5.07693780e+14 	 1.18873984e+15 
9.27940000e+14 	 5.10003670e+14 	 1.19178219e+15 
9.29600000e+14 	 5.12318018e+14 	 1.19482865e+15 
9.31260000e+14 	 5.14636465e+14 	 1.19787920e+15 
9.32920000e+14 	 5.16959369e+14 	 1.20093404e+15 
9.34580000e+14 	 5.19286551e+14 	 1.20399280e+15 
9.36240000e+14 	 5.21618189e+14 	 1.20705583e+15 
9.37900000e+14 	 5.23953928e+14 	 1.21012297e+15 
9.39560000e+14 	 5.26294122e+14 	 1.21319420e+15 
9.41220000e+14 	 5.28638596e+14 	 1.21626972e+15 
9.42880000e+14 	 5.30987347e+14 	 1.21934933e+15 
9.44540000e+14 	 5.33340555e+14 	 1.22243304e+15 
9.46200000e+14 	 5.35697863e+14 	 1.22552086e+15 
9.47860000e+14 	 5.38059627e+14 	 1.22861277e+15 
9.49520000e+14 	 5.40425492e+14 	 1.23170897e+15 
9.51180000e+14 	 5.42795813e+14 	 1.23480908e+15 
9.52840000e+14 	 5.45170412e+14 	 1.23791365e+15 
9.54500000e+14 	 5.47549111e+14 	 1.24102215e+15 
9.56160000e+14 	 5.49932266e+14 	 1.24413474e+15 
9.57820000e+14 	 5.52319700e+14 	 1.24725162e+15 
9.59480000e+14 	 5.54711412e+14 	 1.25037259e+15 
9.61140000e+14 	 5.57107402e+14 	 1.25349766e+15 
9.62800000e+14 	 5.59507671e+14 	 1.25662701e+15 
9.64460000e+14 	 5.61912039e+14 	 1.25976029e+15 
9.66120000e+14 	 5.64320864e+14 	 1.26289784e+15 
9.67780000e+14 	 5.66733968e+14 	 1.26603949e+15 
9.69440000e+14 	 5.69151171e+14 	 1.26918542e+15 
9.71100000e+14 	 5.71572830e+14 	 1.27233527e+15 
9.72760000e+14 	 5.73998590e+14 	 1.27548940e+15 
9.74420000e+14 	 5.76428628e+14 	 1.27864764e+15 
9.76080000e+14 	 5.78863122e+14 	 1.28181015e+15 
9.77740000e+14 	 5.81301539e+14 	 1.28497658e+15 
9.79400000e+14 	 5.83744411e+14 	 1.28814729e+15 
9.81060000e+14 	 5.86191562e+14 	 1.29132210e+15 
9.82720000e+14 	 5.88642813e+14 	 1.29450119e+15 
9.84380000e+14 	 5.91098342e+14 	 1.29768420e+15 
9.86040000e+14 	 5.93558149e+14 	 1.30087149e+15 
9.87700000e+14 	 5.96022235e+14 	 1.30406288e+15 
9.89360000e+14 	 5.98490420e+14 	 1.30725837e+15 
9.91020000e+14 	 6.00963062e+14 	 1.31045813e+15 
9.92680000e+14 	 6.03439626e+14 	 1.31366200e+15 
9.94340000e+14 	 6.05920646e+14 	 1.31686997e+15 
9.96000000e+14 	 6.08405766e+14 	 1.32008204e+15 
9.97660000e+14 	 6.10895165e+14 	 1.32329839e+15 
9.99320000e+14 	 6.13388841e+14 	 1.32651884e+15 
1.00098000e+15 	 6.15886618e+14 	 1.32974338e+15 
1.00264000e+15 	 6.18388673e+14 	 1.33297203e+15 
1.00430000e+15 	 6.20895006e+14 	 1.33620496e+15 
1.00596000e+15 	 6.23405439e+14 	 1.33944198e+15 
1.00762000e+15 	 6.25920150e+14 	 1.34268311e+15 
1.00928000e+15 	 6.28438962e+14 	 1.34592834e+15 
1.01094000e+15 	 6.30962051e+14 	 1.34917784e+15 
1.01260000e+15 	 6.33489419e+14 	 1.35243145e+15 
1.01426000e+15 	 6.36020887e+14 	 1.35568916e+15 
1.01592000e+15 	 6.38556633e+14 	 1.35895114e+15 
1.01758000e+15 	 6.41096479e+14 	 1.36221705e+15 
1.01924000e+15 	 6.43640603e+14 	 1.36548723e+15 
1.02090000e+15 	 6.46188827e+14 	 1.36876170e+15 
1.02256000e+15 	 6.48741329e+14 	 1.37204008e+15 
1.02422000e+15 	 6.51297932e+14 	 1.37532274e+15 
1.02588000e+15 	 6.53858812e+14 	 1.37860951e+15 
1.02754000e+15 	 6.56423793e+14 	 1.38190037e+15 
1.02920000e+15 	 6.58993052e+14 	 1.38519551e+15 
1.03086000e+15 	 6.61566411e+14 	 1.38849476e+15 
1.03252000e+15 	 6.64144048e+14 	 1.39179810e+15 
1.03418000e+15 	 6.66725785e+14 	 1.39510554e+15 
1.03584000e+15 	 6.69311622e+14 	 1.39841727e+15 
1.03750000e+15 	 6.71901737e+14 	 1.40173309e+15 
1.03916000e+15 	 6.74495952e+14 	 1.40505301e+15 
1.04082000e+15 	 6.77094446e+14 	 1.40837703e+15 
1.04248000e+15 	 6.79697039e+14 	 1.41170533e+15 
1.04414000e+15 	 6.82303732e+14 	 1.41503773e+15 
1.04580000e+15 	 6.84914704e+14 	 1.41837424e+15 
1.04746000e+15 	 6.87529776e+14 	 1.42171484e+15 
1.04912000e+15 	 6.90148947e+14 	 1.42505972e+15 
1.05078000e+15 	 6.92772397e+14 	 1.42840870e+15 
1.05244000e+15 	 6.95399947e+14 	 1.43176196e+15 
1.05410000e+15 	 6.98031597e+14 	 1.43511914e+15 
1.05576000e+15 	 7.00667525e+14 	 1.43848060e+15 
1.05742000e+15 	 7.03307553e+14 	 1.44184616e+15 
1.05908000e+15 	 7.05951680e+14 	 1.44521582e+15 
1.06074000e+15 	 7.08600087e+14 	 1.44858975e+15 
1.06240000e+15 	 7.11252415e+14 	 1.45196779e+15 
1.06406000e+15 	 7.13909021e+14 	 1.45534993e+15 
1.06572000e+15 	 7.16569905e+14 	 1.45873635e+15 
1.06738000e+15 	 7.19234711e+14 	 1.46212669e+15 
1.06904000e+15 	 7.21903796e+14 	 1.46552130e+15 
1.07070000e+15 	 7.24576980e+14 	 1.46892020e+15 
1.07236000e+15 	 7.27254264e+14 	 1.47232302e+15 
1.07402000e+15 	 7.29935648e+14 	 1.47573011e+15 
1.07568000e+15 	 7.32621311e+14 	 1.47914131e+15 
1.07734000e+15 	 7.35310895e+14 	 1.48255661e+15 
1.07900000e+15 	 7.38004757e+14 	 1.48597618e+15 
1.08066000e+15 	 7.40702720e+14 	 1.48939986e+15 
1.08232000e+15 	 7.43404782e+14 	 1.49282763e+15 
1.08398000e+15 	 7.46110945e+14 	 1.49625951e+15 
1.08564000e+15 	 7.48821385e+14 	 1.49969566e+15 
1.08730000e+15 	 7.51535748e+14 	 1.50313592e+15 
1.08896000e+15 	 7.54254388e+14 	 1.50658027e+15 
1.09062000e+15 	 7.56977129e+14 	 1.51002873e+15 
1.09228000e+15 	 7.59703969e+14 	 1.51348146e+15 
1.09394000e+15 	 7.62434910e+14 	 1.51693829e+15 
1.09560000e+15 	 7.65169950e+14 	 1.52039923e+15 
1.09726000e+15 	 7.67909091e+14 	 1.52386444e+15 
1.09892000e+15 	 7.70652331e+14 	 1.52733357e+15 
1.10058000e+15 	 7.73399671e+14 	 1.53080699e+15 
1.10224000e+15 	 7.76151112e+14 	 1.53428468e+15 
1.10390000e+15 	 7.78906830e+14 	 1.53776629e+15 
1.10556000e+15 	 7.81666471e+14 	 1.54125218e+15 
1.10722000e+15 	 7.84430211e+14 	 1.54474217e+15 
1.10888000e+15 	 7.87198229e+14 	 1.54823644e+15 
1.11054000e+15 	 7.89970170e+14 	 1.55173464e+15 
1.11220000e+15 	 7.92746388e+14 	 1.55523711e+15 
1.11386000e+15 	 7.95526528e+14 	 1.55874368e+15 
1.11552000e+15 	 7.98310947e+14 	 1.56225453e+15 
1.11718000e+15 	 8.01099287e+14 	 1.56576930e+15 
1.11884000e+15 	 8.03891727e+14 	 1.56928835e+15 
1.12050000e+15 	 8.06688445e+14 	 1.57281150e+15 
1.12216000e+15 	 8.09489086e+14 	 1.57633893e+15 
1.12382000e+15 	 8.12293826e+14 	 1.57987028e+15 
1.12548000e+15 	 8.15102666e+14 	 1.58340591e+15 
1.12714000e+15 	 8.17915606e+14 	 1.58694581e+15 
1.12880000e+15 	 8.20732824e+14 	 1.59048964e+15 
1.13046000e+15 	 8.23553964e+14 	 1.59403775e+15 
1.13212000e+15 	 8.26379025e+14 	 1.59758996e+15 
1.13378000e+15 	 8.29208365e+14 	 1.60114627e+15 
1.13544000e+15 	 8.32041805e+14 	 1.60470668e+15 
1.13710000e+15 	 8.34879345e+14 	 1.60827136e+15 
1.13876000e+15 	 8.37720807e+14 	 1.61184015e+15 
1.14042000e+15 	 8.40566368e+14 	 1.61541304e+15 
1.14208000e+15 	 8.43416208e+14 	 1.61899020e+15 
1.14374000e+15 	 8.46269970e+14 	 1.62257147e+15 
1.14540000e+15 	 8.49127831e+14 	 1.62615683e+15 
1.14706000e+15 	 8.51989792e+14 	 1.62974630e+15 
1.14872000e+15 	 8.54855676e+14 	 1.63333987e+15 
1.15038000e+15 	 8.57725837e+14 	 1.63693771e+15 
1.15204000e+15 	 8.60599920e+14 	 1.64053966e+15 
1.15370000e+15 	 8.63478103e+14 	 1.64414570e+15 
1.15536000e+15 	 8.66360386e+14 	 1.64775603e+15 
1.15702000e+15 	 8.69246769e+14 	 1.65137045e+15 
1.15868000e+15 	 8.72137252e+14 	 1.65498898e+15 
1.16034000e+15 	 8.75031657e+14 	 1.65861160e+15 
1.16200000e+15 	 8.77930340e+14 	 1.66223833e+15 
1.16366000e+15 	 8.80832945e+14 	 1.66586933e+15 
1.16532000e+15 	 8.83739649e+14 	 1.66950443e+15 
1.16698000e+15 	 8.86650276e+14 	 1.67314364e+15 
1.16864000e+15 	 8.89565181e+14 	 1.67678712e+15 
1.17030000e+15 	 8.92484007e+14 	 1.68043452e+15 
1.17196000e+15 	 8.95406933e+14 	 1.68408621e+15 
1.17362000e+15 	 8.98333781e+14 	 1.68774217e+15 
1.17528000e+15 	 9.01264907e+14 	 1.69140205e+15 
1.17694000e+15 	 9.04199955e+14 	 1.69506621e+15 
1.17860000e+15 	 9.07139103e+14 	 1.69873447e+15 
1.18026000e+15 	 9.10082173e+14 	 1.70240684e+15 
1.18192000e+15 	 9.13029521e+14 	 1.70608330e+15 
1.18358000e+15 	 9.15980791e+14 	 1.70976404e+15 
1.18524000e+15 	 9.18935982e+14 	 1.71344888e+15 
1.18690000e+15 	 9.21895452e+14 	 1.71713782e+15 
1.18856000e+15 	 9.24858843e+14 	 1.72083086e+15 
1.19022000e+15 	 9.27826334e+14 	 1.72452818e+15 
1.19188000e+15 	 9.30797925e+14 	 1.72822942e+15 
1.19354000e+15 	 9.33773438e+14 	 1.73193494e+15 
1.19520000e+15 	 9.36753051e+14 	 1.73564474e+15 
1.19686000e+15 	 9.39736586e+14 	 1.73935846e+15 
1.19852000e+15 	 9.42724399e+14 	 1.74307646e+15 
1.20018000e+15 	 9.45716133e+14 	 1.74679856e+15 
1.20184000e+15 	 9.48711790e+14 	 1.75052476e+15 
1.20350000e+15 	 9.51711724e+14 	 1.75425506e+15 
1.20516000e+15 	 9.54715402e+14 	 1.75798964e+15 
1.20682000e+15 	 9.57723359e+14 	 1.76172832e+15 
1.20848000e+15 	 9.60735236e+14 	 1.76547110e+15 
1.21014000e+15 	 9.63751214e+14 	 1.76921797e+15 
1.21180000e+15 	 9.66771114e+14 	 1.77296913e+15 
1.21346000e+15 	 9.69795114e+14 	 1.77672439e+15 
1.21512000e+15 	 9.72823213e+14 	 1.78048375e+15 
1.21678000e+15 	 9.75855235e+14 	 1.78424738e+15 
1.21844000e+15 	 9.78891356e+14 	 1.78801423e+15 
1.22010000e+15 	 9.81931577e+14 	 1.79178642e+15 
1.22176000e+15 	 9.84975720e+14 	 1.79556218e+15 
1.22342000e+15 	 9.88023963e+14 	 1.79934329e+15 
1.22508000e+15 	 9.91076128e+14 	 1.80312618e+15 
1.22674000e+15 	 9.94132393e+14 	 1.80691441e+15 
1.22840000e+15 	 9.97192579e+14 	 1.81070800e+15 
1.23006000e+15 	 1.00025687e+15 	 1.81450337e+15 
1.23172000e+15 	 1.00332525e+15 	 1.81830408e+15 
1.23338000e+15 	 1.00639756e+15 	 1.82211015e+15 
1.23504000e+15 	 1.00947397e+15 	 1.82591800e+15 
1.23670000e+15 	 1.01255430e+15 	 1.82973119e+15 
1.23836000e+15 	 1.01563873e+15 	 1.83354973e+15 
1.24002000e+15 	 1.01872708e+15 	 1.83737006e+15 
1.24168000e+15 	 1.02181953e+15 	 1.84119574e+15 
1.24334000e+15 	 1.02491590e+15 	 1.84502676e+15 
1.24500000e+15 	 1.02801638e+15 	 1.84885956e+15 
1.24666000e+15 	 1.03112077e+15 	 1.85269772e+15 
1.24832000e+15 	 1.03422927e+15 	 1.85653943e+15 
1.24998000e+15 	 1.03734186e+15 	 1.86038650e+15 
1.25164000e+15 	 1.04045838e+15 	 1.86423713e+15 
1.25330000e+15 	 1.04357882e+15 	 1.86809133e+15 
1.25496000e+15 	 1.04670335e+15 	 1.87194909e+15 
1.25662000e+15 	 1.04983199e+15 	 1.87581220e+15 
1.25828000e+15 	 1.05296455e+15 	 1.87967888e+15 
1.25994000e+15 	 1.05610103e+15 	 1.88355090e+15 
1.26160000e+15 	 1.05924161e+15 	 1.88742649e+15 
1.26326000e+15 	 1.06238630e+15 	 1.89130565e+15 
1.26492000e+15 	 1.06553472e+15 	 1.89518837e+15 
1.26658000e+15 	 1.06868742e+15 	 1.89907644e+15 
1.26824000e+15 	 1.07184405e+15 	 1.90296807e+15 
1.26990000e+15 	 1.07500460e+15 	 1.90686327e+15 
1.27156000e+15 	 1.07816924e+15 	 1.91076382e+15 
1.27322000e+15 	 1.08133781e+15 	 1.91466793e+15 
1.27488000e+15 	 1.08451048e+15 	 1.91857561e+15 
1.27654000e+15 	 1.08768707e+15 	 1.92248864e+15 
1.27820000e+15 	 1.09086758e+15 	 1.92640523e+15 
1.27986000e+15 	 1.09405219e+15 	 1.93032539e+15 
1.28152000e+15 	 1.09724090e+15 	 1.93425089e+15 
1.28318000e+15 	 1.10043336e+15 	 1.93817996e+15 
1.28484000e+15 	 1.10363009e+15 	 1.94211260e+15 
1.28650000e+15 	 1.10683057e+15 	 1.94605058e+15 
1.28816000e+15 	 1.11003515e+15 	 1.94999213e+15 
1.28982000e+15 	 1.11324382e+15 	 1.95393725e+15 
1.29148000e+15 	 1.11645642e+15 	 1.95788593e+15 
1.29314000e+15 	 1.11967294e+15 	 1.96183996e+15 
1.29480000e+15 	 1.12289356e+15 	 1.96579755e+15 
1.29646000e+15 	 1.12611810e+15 	 1.96976049e+15 
1.29812000e+15 	 1.12934675e+15 	 1.97372700e+15 
1.29978000e+15 	 1.13257913e+15 	 1.97769707e+15 
1.30144000e+15 	 1.13581580e+15 	 1.98167071e+15 
1.30310000e+15 	 1.13905620e+15 	 1.98564970e+15 
1.30476000e+15 	 1.14230071e+15 	 1.98963225e+15 
1.30642000e+15 	 1.14554932e+15 	 1.99361837e+15 
1.30808000e+15 	 1.14880185e+15 	 1.99760983e+15 
1.30974000e+15 	 1.15205830e+15 	 2.00160486e+15 
1.31140000e+15 	 1.15531867e+15 	 2.00560346e+15 
1.31306000e+15 	 1.15858314e+15 	 2.00960740e+15 
1.31472000e+15 	 1.16185153e+15 	 2.01361491e+15 
1.31638000e+15 	 1.16512403e+15 	 2.01762599e+15 
1.31804000e+15 	 1.16840044e+15 	 2.02164241e+15 
1.31970000e+15 	 1.17168078e+15 	 2.02566240e+15 
1.32136000e+15 	 1.17496522e+15 	 2.02968595e+15 
1.32302000e+15 	 1.17825358e+15 	 2.03371307e+15 
1.32468000e+15 	 1.18154586e+15 	 2.03774554e+15 
1.32634000e+15 	 1.18484206e+15 	 2.04178336e+15 
1.32800000e+15 	 1.18814236e+15 	 2.04582295e+15 
1.32966000e+15 	 1.19144676e+15 	 2.04986790e+15 
1.33132000e+15 	 1.19475491e+15 	 2.05391641e+15 
1.33298000e+15 	 1.19806716e+15 	 2.05796849e+15 
1.33464000e+15 	 1.20138332e+15 	 2.06202591e+15 
1.33630000e+15 	 1.20470359e+15 	 2.06608691e+15 
1.33796000e+15 	 1.20802760e+15 	 2.07015324e+15 
1.33962000e+15 	 1.21135589e+15 	 2.07422137e+15 
1.34128000e+15 	 1.21468792e+15 	 2.07829484e+15 
1.34294000e+15 	 1.21802406e+15 	 2.08237365e+15 
1.34460000e+15 	 1.22136411e+15 	 2.08645425e+15 
1.34626000e+15 	 1.22470809e+15 	 2.09054020e+15 
1.34792000e+15 	 1.22805598e+15 	 2.09463150e+15 
1.34958000e+15 	 1.23140798e+15 	 2.09872458e+15 
1.35124000e+15 	 1.23476390e+15 	 2.10282300e+15 
1.35290000e+15 	 1.23812392e+15 	 2.10692500e+15 
1.35456000e+15 	 1.24148768e+15 	 2.11103234e+15 
1.35622000e+15 	 1.24485555e+15 	 2.11514324e+15 
1.35788000e+15 	 1.24822733e+15 	 2.11925772e+15 
1.35954000e+15 	 1.25160322e+15 	 2.12337575e+15 
1.36120000e+15 	 1.25498302e+15 	 2.12749914e+15 
1.36286000e+15 	 1.25836675e+15 	 2.13162609e+15 
1.36452000e+15 	 1.26175440e+15 	 2.13575839e+15 
1.36618000e+15 	 1.26514597e+15 	 2.13989247e+15 
1.36784000e+15 	 1.26854164e+15 	 2.14403190e+15 
1.36950000e+15 	 1.27194124e+15 	 2.14817668e+15 
1.37116000e+15 	 1.27534475e+15 	 2.15232324e+15 
1.37282000e+15 	 1.27875236e+15 	 2.15647514e+15 
1.37448000e+15 	 1.28216372e+15 	 2.16063240e+15 
1.37614000e+15 	 1.28557918e+15 	 2.16479144e+15 
1.37780000e+15 	 1.28899856e+15 	 2.16895583e+15 
1.37946000e+15 	 1.29242186e+15 	 2.17312378e+15 
1.38112000e+15 	 1.29584926e+15 	 2.17729708e+15 
1.38278000e+15 	 1.29928059e+15 	 2.18147395e+15 
1.38444000e+15 	 1.30271583e+15 	 2.18565438e+15 
1.38610000e+15 	 1.30615500e+15 	 2.18983837e+15 
1.38776000e+15 	 1.30959809e+15 	 2.19402772e+15 
1.38942000e+15 	 1.31304528e+15 	 2.19822063e+15 
1.39108000e+15 	 1.31649639e+15 	 2.20241889e+15 
1.39274000e+15 	 1.31995142e+15 	 2.20661893e+15 
1.39440000e+15 	 1.32341037e+15 	 2.21082432e+15 
1.39606000e+15 	 1.32687325e+15 	 2.21503506e+15 
1.39772000e+15 	 1.33034022e+15 	 2.21924758e+15 
1.39938000e+15 	 1.33381112e+15 	 2.22346544e+15 
1.40104000e+15 	 1.33728594e+15 	 2.22768866e+15 
1.40270000e+15 	 1.34076468e+15 	 2.23191366e+15 
1.40436000e+15 	 1.34424734e+15 	 2.23614401e+15 
1.40602000e+15 	 1.34773410e+15 	 2.24037792e+15 
1.40768000e+15 	 1.35122461e+15 	 2.24461718e+15 
1.40934000e+15 	 1.35471921e+15 	 2.24886001e+15 
1.41100000e+15 	 1.35821774e+15 	 2.25310640e+15 
1.41266000e+15 	 1.36172019e+15 	 2.25735635e+15 
1.41432000e+15 	 1.36522674e+15 	 2.26161166e+15 
1.41598000e+15 	 1.36873703e+15 	 2.26587053e+15 
1.41764000e+15 	 1.37225142e+15 	 2.27013475e+15 
1.41930000e+15 	 1.37576974e+15 	 2.27440075e+15 
1.42096000e+15 	 1.37929197e+15 	 2.27867210e+15 
1.42262000e+15 	 1.38281813e+15 	 2.28294880e+15 
1.42428000e+15 	 1.38634821e+15 	 2.28722728e+15 
1.42594000e+15 	 1.38988239e+15 	 2.29151110e+15 
1.42760000e+15 	 1.39342031e+15 	 2.29579850e+15 
1.42926000e+15 	 1.39696234e+15 	 2.30009124e+15 
1.43092000e+15 	 1.40050828e+15 	 2.30438755e+15 
1.43258000e+15 	 1.40405815e+15 	 2.30868742e+15 
1.43424000e+15 	 1.40761193e+15 	 2.31299086e+15 
1.43590000e+15 	 1.41116964e+15 	 2.31729964e+15 
1.43756000e+15 	 1.41473127e+15 	 2.32161199e+15 
1.43922000e+15 	 1.41829701e+15 	 2.32592969e+15 
1.44088000e+15 	 1.42186648e+15 	 2.33024917e+15 
1.44254000e+15 	 1.42544006e+15 	 2.33457400e+15 
1.44420000e+15 	 1.42901755e+15 	 2.33890418e+15 
1.44586000e+15 	 1.43259897e+15 	 2.34323614e+15 
1.44752000e+15 	 1.43618431e+15 	 2.34757345e+15 
1.44918000e+15 	 1.43977357e+15 	 2.35191611e+15 
1.45084000e+15 	 1.44336675e+15 	 2.35626055e+15 
1.45250000e+15 	 1.44696386e+15 	 2.36061034e+15 
1.45416000e+15 	 1.45056506e+15 	 2.36496369e+15 
1.45582000e+15 	 1.45417019e+15 	 2.36932239e+15 
1.45748000e+15 	 1.45777906e+15 	 2.37368466e+15 
1.45914000e+15 	 1.46139203e+15 	 2.37805049e+15 
1.46080000e+15 	 1.46500892e+15 	 2.38241989e+15 
1.46246000e+15 	 1.46862974e+15 	 2.38679464e+15 
1.46412000e+15 	 1.47225447e+15 	 2.39117295e+15 
1.46578000e+15 	 1.47588313e+15 	 2.39555482e+15 
1.46744000e+15 	 1.47951571e+15 	 2.39994205e+15 
1.46910000e+15 	 1.48315221e+15 	 2.40433284e+15 
1.47076000e+15 	 1.48679263e+15 	 2.40872719e+15 
1.47242000e+15 	 1.49043715e+15 	 2.41312511e+15 
1.47408000e+15 	 1.49408542e+15 	 2.41752838e+15 
1.47574000e+15 	 1.49773778e+15 	 2.42193522e+15 
1.47740000e+15 	 1.50139389e+15 	 2.42634740e+15 
1.47906000e+15 	 1.50505410e+15 	 2.43076315e+15 
1.48072000e+15 	 1.50871823e+15 	 2.43518246e+15 
1.48238000e+15 	 1.51238628e+15 	 2.43960534e+15 
1.48404000e+15 	 1.51605808e+15 	 2.44403357e+15 
1.48570000e+15 	 1.51973398e+15 	 2.44846536e+15 
1.48736000e+15 	 1.52341379e+15 	 2.45290072e+15 
1.48902000e+15 	 1.52709753e+15 	 2.45734142e+15 
1.49068000e+15 	 1.53078519e+15 	 2.46178569e+15 
1.49234000e+15 	 1.53447678e+15 	 2.46623353e+15 
1.49400000e+15 	 1.53817246e+15 	 2.47068493e+15 
1.49566000e+15 	 1.54187188e+15 	 2.47514168e+15 
1.49732000e+15 	 1.54557523e+15 	 2.47960200e+15 
1.49898000e+15 	 1.54928250e+15 	 2.48406766e+15 
1.50064000e+15 	 1.55299387e+15 	 2.48853689e+15 
1.50230000e+15 	 1.55670898e+15 	 2.49300968e+15 
1.50396000e+15 	 1.56042802e+15 	 2.49748604e+15 
1.50562000e+15 	 1.56415115e+15 	 2.50196775e+15 
1.50728000e+15 	 1.56787803e+15 	 2.50645124e+15 
1.50894000e+15 	 1.57160883e+15 	 2.51094186e+15 
1.51060000e+15 	 1.57534373e+15 	 2.51543427e+15 
1.51226000e+15 	 1.57908237e+15 	 2.51993202e+15 
1.51392000e+15 	 1.58282512e+15 	 2.52443334e+15 
1.51558000e+15 	 1.58657160e+15 	 2.52894000e+15 
1.51724000e+15 	 1.59032219e+15 	 2.53345023e+15 
1.51890000e+15 	 1.59407652e+15 	 2.53796403e+15 
1.52056000e+15 	 1.59783495e+15 	 2.54248139e+15 
1.52222000e+15 	 1.60159730e+15 	 2.54700410e+15 
1.52388000e+15 	 1.60536340e+15 	 2.55153038e+15 
1.52554000e+15 	 1.60913359e+15 	 2.55606022e+15 
1.52720000e+15 	 1.61290753e+15 	 2.56059541e+15 
1.52886000e+15 	 1.61668557e+15 	 2.56513416e+15 
1.53052000e+15 	 1.62046735e+15 	 2.56967648e+15 
1.53218000e+15 	 1.62425324e+15 	 2.57422237e+15 
1.53384000e+15 	 1.62804286e+15 	 2.57877360e+15 
1.53550000e+15 	 1.63183659e+15 	 2.58332840e+15 
1.53716000e+15 	 1.63563406e+15 	 2.58788854e+15 
1.53882000e+15 	 1.63943562e+15 	 2.59245047e+15 
1.54048000e+15 	 1.64324094e+15 	 2.59701775e+15 
1.54214000e+15 	 1.64705035e+15 	 2.60159038e+15 
1.54380000e+15 	 1.65086351e+15 	 2.60616478e+15 
1.54546000e+15 	 1.65468076e+15 	 2.61074454e+15 
1.54712000e+15 	 1.65850176e+15 	 2.61532786e+15 
1.54878000e+15 	 1.66232686e+15 	 2.61991653e+15 
1.55044000e+15 	 1.66615570e+15 	 2.62450877e+15 
1.55210000e+15 	 1.66998847e+15 	 2.62910457e+15 
1.55376000e+15 	 1.67382533e+15 	 2.63370393e+15 
1.55542000e+15 	 1.67766594e+15 	 2.63830865e+15 
1.55708000e+15 	 1.68151047e+15 	 2.64291693e+15 
1.55874000e+15 	 1.68535892e+15 	 2.64752877e+15 
1.56040000e+15 	 1.68921129e+15 	 2.65214597e+15 
1.56206000e+15 	 1.69306777e+15 	 2.65676672e+15 
1.56372000e+15 	 1.69692798e+15 	 2.66139105e+15 
1.56538000e+15 	 1.70079212e+15 	 2.66602072e+15 
1.56704000e+15 	 1.70466018e+15 	 2.67065217e+15 
1.56870000e+15 	 1.70853216e+15 	 2.67528898e+15 
1.57036000e+15 	 1.71240807e+15 	 2.67993113e+15 
1.57202000e+15 	 1.71628771e+15 	 2.68457684e+15 
1.57368000e+15 	 1.72017146e+15 	 2.68922613e+15 
1.57534000e+15 	 1.72405913e+15 	 2.69387897e+15 
1.57700000e+15 	 1.72795072e+15 	 2.69853717e+15 
1.57866000e+15 	 1.73184605e+15 	 2.70319714e+15 
1.58032000e+15 	 1.73574549e+15 	 2.70786425e+15 
1.58198000e+15 	 1.73964866e+15 	 2.71253314e+15 
1.58364000e+15 	 1.74355594e+15 	 2.71720738e+15 
1.58530000e+15 	 1.74746696e+15 	 2.72188519e+15 
1.58696000e+15 	 1.75138190e+15 	 2.72656834e+15 
1.58862000e+15 	 1.75530077e+15 	 2.73125328e+15 
1.59028000e+15 	 1.75922373e+15 	 2.73594356e+15 
1.59194000e+15 	 1.76315044e+15 	 2.74063919e+15 
1.59360000e+15 	 1.76708107e+15 	 2.74533661e+15 
1.59526000e+15 	 1.77101562e+15 	 2.75003937e+15 
1.59692000e+15 	 1.77495391e+15 	 2.75474570e+15 
1.59858000e+15 	 1.77889631e+15 	 2.75945737e+15 
1.60024000e+15 	 1.78284244e+15 	 2.76417262e+15 
1.60190000e+15 	 1.78679268e+15 	 2.76889142e+15 
1.60356000e+15 	 1.79074648e+15 	 2.77361380e+15 
1.60522000e+15 	 1.79470563e+15 	 2.77834152e+15 
1.60688000e+15 	 1.79866657e+15 	 2.78307280e+15 
1.60854000e+15 	 1.80263285e+15 	 2.78780765e+15 
1.61020000e+15 	 1.80660270e+15 	 2.79254785e+15 
1.61186000e+15 	 1.81057611e+15 	 2.79728983e+15 
1.61352000e+15 	 1.81455308e+15 	 2.80203895e+15 
1.61518000e+15 	 1.81853541e+15 	 2.80678984e+15 
1.61684000e+15 	 1.82251951e+15 	 2.81154609e+15 
1.61850000e+15 	 1.82650897e+15 	 2.81630589e+15 
1.62016000e+15 	 1.83050199e+15 	 2.82106927e+15 
1.62182000e+15 	 1.83449857e+15 	 2.82583799e+15 
1.62348000e+15 	 1.83850051e+15 	 2.83061028e+15 
1.62514000e+15 	 1.84250422e+15 	 2.83538613e+15 
1.62680000e+15 	 1.84651329e+15 	 2.84016733e+15 
1.62846000e+15 	 1.85052592e+15 	 2.84495210e+15 
1.63012000e+15 	 1.85454389e+15 	 2.84974043e+15 
1.63178000e+15 	 1.85856365e+15 	 2.85453233e+15 
1.63344000e+15 	 1.86258698e+15 	 2.85932958e+15 
1.63510000e+15 	 1.86661565e+15 	 2.86413039e+15 
1.63676000e+15 	 1.87064788e+15 	 2.86893476e+15 
1.63842000e+15 	 1.87468369e+15 	 2.87374449e+15 
1.64008000e+15 	 1.87872484e+15 	 2.87855778e+15 
1.64174000e+15 	 1.88276777e+15 	 2.88337463e+15 
1.64340000e+15 	 1.88681605e+15 	 2.88819505e+15 
1.64506000e+15 	 1.89086790e+15 	 2.89302082e+15 
1.64672000e+15 	 1.89492331e+15 	 2.89785016e+15 
1.64838000e+15 	 1.89898228e+15 	 2.90268484e+15 
1.65004000e+15 	 1.90304482e+15 	 2.90752131e+15 
1.65170000e+15 	 1.90711271e+15 	 2.91236312e+15 
1.65336000e+15 	 1.91118417e+15 	 2.91721028e+15 
1.65502000e+15 	 1.91525919e+15 	 2.92205922e+15 
1.65668000e+15 	 1.91933777e+15 	 2.92691352e+15 
1.65834000e+15 	 1.92341992e+15 	 2.93177137e+15 
1.66000000e+15 	 1.92750742e+15 	 2.93663458e+15 
1.66166000e+15 	 1.93159848e+15 	 2.94149957e+15 
1.66332000e+15 	 1.93569311e+15 	 2.94636990e+15 
1.66498000e+15 	 1.93979130e+15 	 2.95124559e+15 
1.66664000e+15 	 1.94389306e+15 	 2.95612306e+15 
1.66830000e+15 	 1.94800017e+15 	 2.96100587e+15 
1.66996000e+15 	 1.95210906e+15 	 2.96589225e+15 
1.67162000e+15 	 1.95622329e+15 	 2.97078398e+15 
1.67328000e+15 	 1.96034110e+15 	 2.97567927e+15 
1.67494000e+15 	 1.96446246e+15 	 2.98057813e+15 
1.67660000e+15 	 1.96858918e+15 	 2.98548056e+15 
1.67826000e+15 	 1.97271768e+15 	 2.99038833e+15 
1.67992000e+15 	 1.97685152e+15 	 2.99529967e+15 
1.68158000e+15 	 1.98098893e+15 	 3.00021457e+15 
1.68324000e+15 	 1.98512991e+15 	 3.00513304e+15 
1.68490000e+15 	 1.98927623e+15 	 3.01005686e+15 
1.68656000e+15 	 1.99342434e+15 	 3.01498424e+15 
1.68822000e+15 	 1.99757779e+15 	 3.01991698e+15 
1.68988000e+15 	 2.00173481e+15 	 3.02485327e+15 
1.69154000e+15 	 2.00589539e+15 	 3.02979313e+15 
1.69320000e+15 	 2.01005954e+15 	 3.03473656e+15 
1.69486000e+15 	 2.01422904e+15 	 3.03968355e+15 
1.69652000e+15 	 2.01840032e+15 	 3.04463589e+15 
1.69818000e+15 	 2.02257695e+15 	 3.04959180e+15 
1.69984000e+15 	 2.02675714e+15 	 3.05455305e+15 
1.70150000e+15 	 2.03094090e+15 	 3.05951787e+15 
1.70316000e+15 	 2.03512822e+15 	 3.06448626e+15 
1.70482000e+15 	 2.03932089e+15 	 3.06945821e+15 
1.70648000e+15 	 2.04351713e+15 	 3.07443551e+15 
1.70814000e+15 	 2.04771693e+15 	 3.07941637e+15 
1.70980000e+15 	 2.05192030e+15 	 3.08440080e+15 
1.71146000e+15 	 2.05612723e+15 	 3.08938879e+15 
1.71312000e+15 	 2.06033773e+15 	 3.09438214e+15 
1.71478000e+15 	 2.06455357e+15 	 3.09937904e+15 
1.71644000e+15 	 2.06877298e+15 	 3.10438130e+15 
1.71810000e+15 	 2.07299596e+15 	 3.10938534e+15 
1.71976000e+15 	 2.07722250e+15 	 3.11439473e+15 
1.72142000e+15 	 2.08145260e+15 	 3.11940768e+15 
1.72308000e+15 	 2.08568806e+15 	 3.12442598e+15 
1.72474000e+15 	 2.08992529e+15 	 3.12944785e+15 
1.72640000e+15 	 2.09416788e+15 	 3.13447328e+15 
1.72806000e+15 	 2.09841403e+15 	 3.13950227e+15 
1.72972000e+15 	 2.10266552e+15 	 3.14453662e+15 
1.73138000e+15 	 2.10691880e+15 	 3.14957453e+15 
1.73304000e+15 	 2.11117743e+15 	 3.15461600e+15 
1.73470000e+15 	 2.11543784e+15 	 3.15966283e+15 
1.73636000e+15 	 2.11970360e+15 	 3.16471143e+15 
1.73802000e+15 	 2.12397292e+15 	 3.16976717e+15 
1.73968000e+15 	 2.12824759e+15 	 3.17482469e+15 
1.74134000e+15 	 2.13252404e+15 	 3.17988756e+15 
1.74300000e+15 	 2.13680584e+15 	 3.18495399e+15 
1.74466000e+15 	 2.14109121e+15 	 3.19002399e+15 
1.74632000e+15 	 2.14538014e+15 	 3.19509934e+15 
1.74798000e+15 	 2.14967264e+15 	 3.20017647e+15 
1.74964000e+15 	 2.15396870e+15 	 3.20526073e+15 
1.75130000e+15 	 2.15827011e+15 	 3.21034677e+15 
1.75296000e+15 	 2.16257508e+15 	 3.21543816e+15 
1.75462000e+15 	 2.16688362e+15 	 3.22053312e+15 
1.75628000e+15 	 2.17119573e+15 	 3.22563164e+15 
1.75794000e+15 	 2.17551140e+15 	 3.23073551e+15 
1.75960000e+15 	 2.17983063e+15 	 3.23584116e+15 
1.76126000e+15 	 2.18415522e+15 	 3.24095395e+15 
1.76292000e+15 	 2.18848337e+15 	 3.24606851e+15 
1.76458000e+15 	 2.19281508e+15 	 3.25118843e+15 
1.76624000e+15 	 2.19715036e+15 	 3.25631191e+15 
1.76790000e+15 	 2.20148920e+15 	 3.26143895e+15 
1.76956000e+15 	 2.20583339e+15 	 3.26657135e+15 
1.77122000e+15 	 2.21018115e+15 	 3.27170731e+15 
1.77288000e+15 	 2.21453247e+15 	 3.27684683e+15 
1.77454000e+15 	 2.21888736e+15 	 3.28198992e+15 
1.77620000e+15 	 2.22324581e+15 	 3.28713836e+15 
1.77786000e+15 	 2.22760783e+15 	 3.29229036e+15 
1.77952000e+15 	 2.23197520e+15 	 3.29744593e+15 
1.78118000e+15 	 2.23634613e+15 	 3.30260684e+15 
1.78284000e+15 	 2.24071884e+15 	 3.30777133e+15 
1.78450000e+15 	 2.24509869e+15 	 3.31293937e+15 
1.78616000e+15 	 2.24948031e+15 	 3.31811099e+15 
1.78782000e+15 	 2.25386550e+15 	 3.32328795e+15 
1.78948000e+15 	 2.25825604e+15 	 3.32846847e+15 
1.79114000e+15 	 2.26265015e+15 	 3.33365257e+15 
1.79280000e+15 	 2.26704782e+15 	 3.33884201e+15 
1.79446000e+15 	 2.27144905e+15 	 3.34403501e+15 
1.79612000e+15 	 2.27585385e+15 	 3.34923158e+15 
1.79778000e+15 	 2.28026400e+15 	 3.35443350e+15 
1.79944000e+15 	 2.28467593e+15 	 3.35963720e+15 
1.80110000e+15 	 2.28909321e+15 	 3.36484625e+15 
1.80276000e+15 	 2.29351405e+15 	 3.37006065e+15 
1.80442000e+15 	 2.29794024e+15 	 3.37527683e+15 
1.80608000e+15 	 2.30236822e+15 	 3.38049836e+15 
1.80774000e+15 	 2.30679976e+15 	 3.38572345e+15 
1.80940000e+15 	 2.31123664e+15 	 3.39095389e+15 
1.81106000e+15 	 2.31567710e+15 	 3.39618612e+15 
1.81272000e+15 	 2.32012111e+15 	 3.40142369e+15 
1.81438000e+15 	 2.32456870e+15 	 3.40666661e+15 
1.81604000e+15 	 2.32902163e+15 	 3.41191131e+15 
1.81770000e+15 	 2.33347634e+15 	 3.41716136e+15 
1.81936000e+15 	 2.33793640e+15 	 3.42241498e+15 
1.82102000e+15 	 2.34240003e+15 	 3.42767395e+15 
1.82268000e+15 	 2.34686722e+15 	 3.43293648e+15 
1.82434000e+15 	 2.35133976e+15 	 3.43820257e+15 
1.82600000e+15 	 2.35581408e+15 	 3.44347223e+15 
1.82766000e+15 	 2.36029375e+15 	 3.44874546e+15 
1.82932000e+15 	 2.36477698e+15 	 3.45402403e+15 
1.83098000e+15 	 2.36926200e+15 	 3.45930617e+15 
1.83264000e+15 	 2.37375415e+15 	 3.46459366e+15 
1.83430000e+15 	 2.37824808e+15 	 3.46988293e+15 
1.83596000e+15 	 2.38274557e+15 	 3.47517755e+15 
1.83762000e+15 	 2.38724842e+15 	 3.48047752e+15 
1.83928000e+15 	 2.39175482e+15 	 3.48577927e+15 
1.84094000e+15 	 2.39626480e+15 	 3.49108637e+15 
1.84260000e+15 	 2.40077834e+15 	 3.49639703e+15 
1.84426000e+15 	 2.40529722e+15 	 3.50171304e+15 
1.84592000e+15 	 2.40981789e+15 	 3.50703084e+15 
1.84758000e+15 	 2.41434391e+15 	 3.51235398e+15 
1.84924000e+15 	 2.41887349e+15 	 3.51768069e+15 
1.85090000e+15 	 2.42340664e+15 	 3.52301274e+15 
1.85256000e+15 	 2.42794335e+15 	 3.52834836e+15 
1.85422000e+15 	 2.43248363e+15 	 3.53368755e+15 
1.85588000e+15 	 2.43702925e+15 	 3.53903030e+15 
1.85754000e+15 	 2.44157844e+15 	 3.54437840e+15 
1.85920000e+15 	 2.44613120e+15 	 3.54973007e+15 
1.86086000e+15 	 2.45068752e+15 	 3.55508530e+15 
1.86252000e+15 	 2.45524741e+15 	 3.56044409e+15 
1.86418000e+15 	 2.45981086e+15 	 3.56580824e+15 
1.86584000e+15 	 2.46437966e+15 	 3.57117595e+15 
1.86750000e+15 	 2.46895202e+15 	 3.57654901e+15 
1.86916000e+15 	 2.47352795e+15 	 3.58192385e+15 
1.87082000e+15 	 2.47810745e+15 	 3.58730403e+15 
1.87248000e+15 	 2.48269051e+15 	 3.59268779e+15 
1.87414000e+15 	 2.48727713e+15 	 3.59807689e+15 
1.87580000e+15 	 2.49186911e+15 	 3.60346956e+15 
1.87746000e+15 	 2.49646464e+15 	 3.60886579e+15 
1.87912000e+15 	 2.50106375e+15 	 3.61426559e+15 
1.88078000e+15 	 2.50566642e+15 	 3.61966895e+15 
1.88244000e+15 	 2.51027265e+15 	 3.62507767e+15 
1.88410000e+15 	 2.51488245e+15 	 3.63048994e+15 
1.88576000e+15 	 2.51949760e+15 	 3.63590757e+15 
1.88742000e+15 	 2.52411631e+15 	 3.64132876e+15 
1.88908000e+15 	 2.52873859e+15 	 3.64675173e+15 
1.89074000e+15 	 2.53336443e+15 	 3.65218184e+15 
1.89240000e+15 	 2.53799384e+15 	 3.65761372e+15 
1.89406000e+15 	 2.54262859e+15 	 3.66305096e+15 
1.89572000e+15 	 2.54726513e+15 	 3.66849176e+15 
1.89738000e+15 	 2.55190701e+15 	 3.67393791e+15 
1.89904000e+15 	 2.55655247e+15 	 3.67938584e+15 
1.90070000e+15 	 2.56120148e+15 	 3.68483912e+15 
1.90236000e+15 	 2.56585585e+15 	 3.69029596e+15 
1.90402000e+15 	 2.57051199e+15 	 3.69575815e+15 
1.90568000e+15 	 2.57517349e+15 	 3.70122391e+15 
1.90734000e+15 	 2.57983855e+15 	 3.70669324e+15 
1.90900000e+15 	 2.58450539e+15 	 3.71216613e+15 
1.91066000e+15 	 2.58917936e+15 	 3.71764436e+15 
1.91232000e+15 	 2.59385512e+15 	 3.72312438e+15 
1.91398000e+15 	 2.59853444e+15 	 3.72861153e+15 
1.91564000e+15 	 2.60321910e+15 	 3.73410047e+15 
1.91730000e+15 	 2.60790734e+15 	 3.73959475e+15 
1.91896000e+15 	 2.61259914e+15 	 3.74509259e+15 
1.92062000e+15 	 2.61729450e+15 	 3.75059401e+15 
1.92228000e+15 	 2.62199343e+15 	 3.75610077e+15 
1.92394000e+15 	 2.62669771e+15 	 3.76160931e+15 
1.92560000e+15 	 2.63140555e+15 	 3.76712320e+15 
1.92726000e+15 	 2.63611517e+15 	 3.77264244e+15 
1.92892000e+15 	 2.64083014e+15 	 3.77816524e+15 
1.93058000e+15 	 2.64554868e+15 	 3.78368983e+15 
1.93224000e+15 	 2.65027257e+15 	 3.78922155e+15 
1.93390000e+15 	 2.65499823e+15 	 3.79475505e+15 
1.93556000e+15 	 2.65972925e+15 	 3.80029390e+15 
1.93722000e+15 	 2.66446383e+15 	 3.80583631e+15 
1.93888000e+15 	 2.66920198e+15 	 3.81138229e+15 
1.94054000e+15 	 2.67394369e+15 	 3.81693362e+15 
1.94220000e+15 	 2.67868897e+15 	 3.82248852e+15 
1.94386000e+15 	 2.68343959e+15 	 3.82804697e+15 
1.94552000e+15 	 2.68819200e+15 	 3.83360900e+15 
1.94718000e+15 	 2.69294975e+15 	 3.83917637e+15 
1.94884000e+15 	 2.69771107e+15 	 3.84474731e+15 
1.95050000e+15 	 2.70247596e+15 	 3.85032181e+15 
1.95216000e+15 	 2.70724619e+15 	 3.85590166e+15 
1.95382000e+15 	 2.71201820e+15 	 3.86148508e+15 
1.95548000e+15 	 2.71679557e+15 	 3.86707206e+15 
1.95714000e+15 	 2.72157471e+15 	 3.87266261e+15 
1.95880000e+15 	 2.72635921e+15 	 3.87825850e+15 
1.96046000e+15 	 2.73114905e+15 	 3.88385796e+15 
1.96212000e+15 	 2.73594067e+15 	 3.88946099e+15 
1.96378000e+15 	 2.74073586e+15 	 3.89506758e+15 
1.96544000e+15 	 2.74553640e+15 	 3.90067952e+15 
1.96710000e+15 	 2.75034050e+15 	 3.90629502e+15 
1.96876000e+15 	 2.75514817e+15 	 3.91191410e+15 
1.97042000e+15 	 2.75995940e+15 	 3.91753851e+15 
1.97208000e+15 	 2.76477420e+15 	 3.92316650e+15 
1.97374000e+15 	 2.76959434e+15 	 3.92879805e+15 
1.97540000e+15 	 2.77441627e+15 	 3.93443316e+15 
1.97706000e+15 	 2.77924355e+15 	 3.94007362e+15 
1.97872000e+15 	 2.78407439e+15 	 3.94571765e+15 
1.98038000e+15 	 2.78890880e+15 	 3.95136525e+15 
1.98204000e+15 	 2.79374677e+15 	 3.95701641e+15 
1.98370000e+15 	 2.79859009e+15 	 3.96267291e+15 
1.98536000e+15 	 2.80343519e+15 	 3.96833298e+15 
1.98702000e+15 	 2.80828564e+15 	 3.97399662e+15 
1.98868000e+15 	 2.81313965e+15 	 3.97966561e+15 
1.99034000e+15 	 2.81799723e+15 	 3.98533816e+15 
1.99200000e+15 	 2.82285838e+15 	 3.99101428e+15 
1.99366000e+15 	 2.82772487e+15 	 3.99669396e+15 
1.99532000e+15 	 2.83259315e+15 	 4.00237899e+15 
1.99698000e+15 	 2.83746677e+15 	 4.00806759e+15 
1.99864000e+15 	 2.84234396e+15 	 4.01375975e+15 
2.00030000e+15 	 2.84722471e+15 	 4.01945726e+15 
2.00196000e+15 	 2.85210903e+15 	 4.02515655e+15 
2.00362000e+15 	 2.85699870e+15 	 4.03086297e+15 
2.00528000e+15 	 2.86189015e+15 	 4.03657118e+15 
2.00694000e+15 	 2.86678695e+15 	 4.04228295e+15 
2.00860000e+15 	 2.87168731e+15 	 4.04800007e+15 
2.01026000e+15 	 2.87659124e+15 	 4.05372075e+15 
2.01192000e+15 	 2.88149873e+15 	 4.05944678e+15 
2.01358000e+15 	 2.88641157e+15 	 4.06517460e+15 
2.01524000e+15 	 2.89132620e+15 	 4.07090776e+15 
2.01690000e+15 	 2.89624617e+15 	 4.07664627e+15 
2.01856000e+15 	 2.90116970e+15 	 4.08238657e+15 
2.02022000e+15 	 2.90609680e+15 	 4.08813221e+15 
2.02188000e+15 	 2.91102747e+15 	 4.09388141e+15 
2.02354000e+15 	 2.91596170e+15 	 4.09963419e+15 
2.02520000e+15 	 2.92090128e+15 	 4.10539231e+15 
2.02686000e+15 	 2.92584264e+15 	 4.11115400e+15 
2.02852000e+15 	 2.93078935e+15 	 4.11691925e+15 
2.03018000e+15 	 2.93573963e+15 	 4.12268806e+15 
2.03184000e+15 	 2.94069347e+15 	 4.12846223e+15 
2.03350000e+15 	 2.94565266e+15 	 4.13423996e+15 
2.03516000e+15 	 2.95061363e+15 	 4.14002126e+15 
2.03682000e+15 	 2.95557995e+15 	 4.14580612e+15 
2.03848000e+15 	 2.96054983e+15 	 4.15159633e+15 
2.04014000e+15 	 2.96552150e+15 	 4.15739010e+15 
2.04180000e+15 	 2.97050030e+15 	 4.16318744e+15 
2.04346000e+15 	 2.97548087e+15 	 4.16899013e+15 
2.04512000e+15 	 2.98046502e+15 	 4.17479639e+15 
2.04678000e+15 	 2.98545451e+15 	 4.18060620e+15 
2.04844000e+15 	 2.99044757e+15 	 4.18641959e+15 
2.05010000e+15 	 2.99544419e+15 	 4.19223832e+15 
2.05176000e+15 	 3.00044438e+15 	 4.19806062e+15 
2.05342000e+15 	 3.00544813e+15 	 4.20388648e+15 
2.05508000e+15 	 3.01045545e+15 	 4.20971770e+15 
2.05674000e+15 	 3.01546812e+15 	 4.21555069e+15 
2.05840000e+15 	 3.02048435e+15 	 4.22138903e+15 
2.06006000e+15 	 3.02550236e+15 	 4.22723272e+15 
2.06172000e+15 	 3.03052751e+15 	 4.23307820e+15 
2.06338000e+15 	 3.03555444e+15 	 4.23892902e+15 
2.06504000e+15 	 3.04058493e+15 	 4.24478340e+15 
2.06670000e+15 	 3.04562077e+15 	 4.25064136e+15 
2.06836000e+15 	 3.05065839e+15 	 4.25650466e+15 
2.07002000e+15 	 3.05570136e+15 	 4.26237152e+15 
2.07168000e+15 	 3.06074790e+15 	 4.26824195e+15 
2.07334000e+15 	 3.06579800e+15 	 4.27411595e+15 
2.07500000e+15 	 3.07085345e+15 	 4.27999530e+15 
2.07666000e+15 	 3.07591068e+15 	 4.28587820e+15 
2.07832000e+15 	 3.08097326e+15 	 4.29176468e+15 
2.07998000e+15 	 3.08603940e+15 	 4.29765650e+15 
2.08164000e+15 	 3.09110733e+15 	 4.30355189e+15 
2.08330000e+15 	 3.09618238e+15 	 4.30945085e+15 
2.08496000e+15 	 3.10125922e+15 	 4.31535337e+15 
2.08662000e+15 	 3.10633963e+15 	 4.32125945e+15 
2.08828000e+15 	 3.11142538e+15 	 4.32717089e+15 
2.08994000e+15 	 3.11651470e+15 	 4.33308588e+15 
2.09160000e+15 	 3.12160758e+15 	 4.33900623e+15 
2.09326000e+15 	 3.12670403e+15 	 4.34492836e+15 
2.09492000e+15 	 3.13180404e+15 	 4.35085584e+15 
2.09658000e+15 	 3.13690762e+15 	 4.35678866e+15 
2.09824000e+15 	 3.14201655e+15 	 4.36272327e+15 
2.09990000e+15 	 3.14712904e+15 	 4.36866323e+15 
2.10156000e+15 	 3.15224331e+15 	 4.37460675e+15 
2.10322000e+15 	 3.15736294e+15 	 4.38055384e+15 
2.10488000e+15 	 3.16248791e+15 	 4.38650449e+15 
2.10654000e+15 	 3.16761466e+15 	 4.39246049e+15 
2.10820000e+15 	 3.17274498e+15 	 4.39842006e+15 
2.10986000e+15 	 3.17788064e+15 	 4.40438497e+15 
2.11152000e+15 	 3.18301987e+15 	 4.41035167e+15 
2.11318000e+15 	 3.18816267e+15 	 4.41632371e+15 
2.11484000e+15 	 3.19330903e+15 	 4.42229932e+15 
2.11650000e+15 	 3.19845896e+15 	 4.42828028e+15 
2.11816000e+15 	 3.20361423e+15 	 4.43426302e+15 
2.11982000e+15 	 3.20877129e+15 	 4.44025111e+15 
2.12148000e+15 	 3.21393369e+15 	 4.44624277e+15 
2.12314000e+15 	 3.21909966e+15 	 4.45223977e+15 
2.12480000e+15 	 3.22426920e+15 	 4.45824034e+15 
2.12646000e+15 	 3.22944230e+15 	 4.46424447e+15 
2.12812000e+15 	 3.23462074e+15 	 4.47025217e+15 
2.12978000e+15 	 3.23980097e+15 	 4.47626343e+15 
2.13144000e+15 	 3.24498655e+15 	 4.48228005e+15 
2.13310000e+15 	 3.25017570e+15 	 4.48830022e+15 
2.13476000e+15 	 3.25536841e+15 	 4.49432575e+15 
2.13642000e+15 	 3.26056468e+15 	 4.50035306e+15 
2.13808000e+15 	 3.26576452e+15 	 4.50638572e+15 
2.13974000e+15 	 3.27096970e+15 	 4.51242194e+15 
2.14140000e+15 	 3.27617667e+15 	 4.51846351e+15 
2.14306000e+15 	 3.28138899e+15 	 4.52450686e+15 
2.14472000e+15 	 3.28660487e+15 	 4.53055556e+15 
2.14638000e+15 	 3.29182432e+15 	 4.53660783e+15 
2.14804000e+15 	 3.29704733e+15 	 4.54266544e+15 
2.14970000e+15 	 3.30227569e+15 	 4.54872484e+15 
2.15136000e+15 	 3.30750584e+15 	 4.55478959e+15 
2.15302000e+15 	 3.31274133e+15 	 4.56085968e+15 
2.15468000e+15 	 3.31798039e+15 	 4.56693156e+15 
2.15634000e+15 	 3.32322301e+15 	 4.57300878e+15 
2.15800000e+15 	 3.32846919e+15 	 4.57908957e+15 
